9
# 1 Node: 120215,2 Node 123733
VARYTYPE=1, X1=-71.402291, Y1= 41.815748, X2=-71.402229, Y2= 41.815671,TimeStartDay=12, TimeStartHour=5, TimeStartMin=0, TimeEndDay=12, TimeEndHour=6, TimeEndMin=0, ZF=7
# 1 Node 119906 2 Node 123732
VARYTYPE=1, X1=-71.402187, Y1= 41.815795, X2=-71.402126, Y2= 41.815717,TimeStartDay=12, TimeStartHour=5, TimeStartMin=0, TimeEndDay=12, TimeEndHour=6, TimeEndMin=0, ZF=7

# 1 Node 119591, 2 Node 123731
VARYTYPE=1, X1=-71.402080, Y1= 41.815839, X2=-71.402022, Y2= 41.815761,TimeStartDay=12, TimeStartHour=5, TimeStartMin=0, TimeEndDay=12, TimeEndHour=6, TimeEndMin=0, ZF=7

# 1 Node 119265 2 Node 123730
VARYTYPE=1, X1=-71.401974, Y1= 41.815882, X2=-71.401917, Y2= 41.815803,TimeStartDay=12, TimeStartHour=5, TimeStartMin=0, TimeEndDay=12, TimeEndHour=6, TimeEndMin=0, ZF=7


# 1 Node 118938 2 Node 123729
VARYTYPE=1, X1=-71.401867, Y1= 41.815925, X2=-71.401810, Y2= 41.815845,TimeStartDay=12, TimeStartHour=5, TimeStartMin=0, TimeEndDay=12, TimeEndHour=6, TimeEndMin=0, ZF=7


# 1 Node 118600 2 Node 123728
VARYTYPE=1, X1=-71.401761, Y1= 41.815967, X2=-71.401703, Y2= 41.815888,TimeStartDay=12, TimeStartHour=5, TimeStartMin=0, TimeEndDay=12, TimeEndHour=6, TimeEndMin=0, ZF=7


# 1 Node 118242 2 Node 123434
VARYTYPE=1, X1=-71.401655, Y1= 41.816010, X2=-71.401597, Y2= 41.815931,TimeStartDay=12, TimeStartHour=5, TimeStartMin=0, TimeEndDay=12, TimeEndHour=6, TimeEndMin=0, ZF=7


# 1 Node 117876 2 Node 123433
VARYTYPE=1, X1=-71.401550, Y1= 41.816053, X2=-71.401491, Y2= 41.815975,TimeStartDay=12, TimeStartHour=5, TimeStartMin=0, TimeEndDay=12, TimeEndHour=6, TimeEndMin=0, ZF=7


# 1 Npde 117504 2 Node 123432
VARYTYPE=1, X1=-71.401446, Y1= 41.816098, X2=-71.401386, Y2= 41.816020,TimeStartDay=12, TimeStartHour=5, TimeStartMin=0, TimeEndDay=12, TimeEndHour=6, TimeEndMin=0, ZF=7


Nodes

Element 1: 120215 - 123733
ELement 2: 119906 - 123732
Element 3: 119591 - 123731
Element 4: 119265 - 123730
Element 5: 118938 - 123729
Element 6: 118600 - 123728
Element 7: 118242 - 123434
Element 8: 117876 - 123433
Element 9: 117504 - 123432

ricv1_noriv_nopump_closedbar2.grd element elevations
120215 7.132132
123733 7.013717
119906 6.988841
123732 6.856592
119591 6.699036
123731 6.587073
119265 6.328588
123730 6.257975
118938 5.900758
123729 5.860043
118600 5.794879
123728 5.695281
118242 5.531144
123434 5.571165
117876 5.425476
123433 5.450742
117504 5.513193
123432 5.535302


ricv1_noriv_nopump.grd
120215 7.132132
123733 7.013717
119906 6.988841
123732 6.856592

diff

pranav_sai_uri_edu@login1:/work/pi_iginis_uri_edu/joshua_port_uri_edu/asgs/meshes/ricv1_noriv_nopump$ diff ricv1_noriv_nopump_closedbar2.grd ricv1_noriv_nopump.grd
1985389,1985397c1985389,1985397
< 120215 123733 7.000000 1.000000 1.000000
< 119906 123732 7.000000 1.000000 1.000000
< 119591 123731 7.000000 1.000000 1.000000
< 119265 123730 7.000000 1.000000 1.000000
< 118938 123729 7.000000 1.000000 1.000000
< 118600 123728 7.000000 1.000000 1.000000
< 118242 123434 7.000000 1.000000 1.000000
< 117876 123433 7.000000 1.000000 1.000000
< 117504 123432 7.000000 1.000000 1.000000
---
> 120215 123733 -0.500000 1.000000 1.000000
> 119906 123732 -0.500000 1.000000 1.000000
> 119591 123731 -0.500000 1.000000 1.000000
> 119265 123730 -0.500000 1.000000 1.000000
> 118938 123729 -0.500000 1.000000 1.000000
> 118600 123728 -0.500000 1.000000 1.000000
> 118242 123434 -0.500000 1.000000 1.000000
> 117876 123433 -0.500000 1.000000 1.000000
> 117504 123432 -0.500000 1.000000 1.000000




# The full field looks like this
60 24
120215 123733 7.000000 1.000000 1.000000
119906 123732 7.000000 1.000000 1.000000
119591 123731 7.000000 1.000000 1.000000
119265 123730 7.000000 1.000000 1.000000
118938 123729 7.000000 1.000000 1.000000
118600 123728 7.000000 1.000000 1.000000
118242 123434 7.000000 1.000000 1.000000
117876 123433 7.000000 1.000000 1.000000
117504 123432 7.000000 1.000000 1.000000
117121 123431 7.000000 1.000000 1.000000
116726 123141 7.000000 1.000000 1.000000
116316 123140 7.000000 1.000000 1.000000
115889 123139 7.000000 1.000000 1.000000
115471 122839 7.000000 1.000000 1.000000
115049 122536 7.000000 1.000000 1.000000
114618 122535 7.000000 1.000000 1.000000
114187 122534 7.000000 1.000000 1.000000
113743 122533 7.000000 1.000000 1.000000
113299 122528 7.000000 1.000000 1.000000
112846 122527 7.000000 1.000000 1.000000
112570 122526 7.000000 1.000000 1.000000
112569 122525 7.000000 1.000000 1.000000
112149 122524 7.000000 1.000000 1.000000
111711 122522 7.000000 1.000000 1.000000
111286 122521 7.000000 1.000000 1.000000
110857 122523 7.000000 1.000000 1.000000
110424 122819 7.000000 1.000000 1.000000
109996 122818 7.000000 1.000000 1.000000
109995 122817 7.000000 1.000000 1.000000
109992 122816 7.000000 1.000000 1.000000
109560 122815 7.000000 1.000000 1.000000
109125 122529 7.000000 1.000000 1.000000
109123 122227 7.000000 1.000000 1.000000
109122 122226 7.000000 1.000000 1.000000
109555 121932 7.000000 1.000000 1.000000
109986 121906 7.000000 1.000000 1.000000
110415 121604 7.000000 1.000000 1.000000
110842 121603 7.000000 1.000000 1.000000
111270 121298 7.000000 1.000000 1.000000
111276 121293 7.000000 1.000000 1.000000
111701 121292 7.000000 1.000000 1.000000
112138 120982 7.000000 1.000000 1.000000
112568 120981 7.000000 1.000000 1.000000
113015 120980 7.000000 1.000000 1.000000
113464 120662 7.000000 1.000000 1.000000
113912 120358 7.000000 1.000000 1.000000
114352 120357 7.000000 1.000000 1.000000
114784 120356 7.000000 1.000000 1.000000
115214 120355 7.000000 1.000000 1.000000
115636 120354 7.000000 1.000000 1.000000
116050 120353 7.000000 1.000000 1.000000
116475 120352 7.000000 1.000000 1.000000
116880 120348 7.000000 1.000000 1.000000
117272 120347 7.000000 1.000000 1.000000
117651 120346 7.000000 1.000000 1.000000
118020 120040 7.000000 1.000000 1.000000
118387 119725 7.000000 1.000000 1.000000
118735 119724 7.000000 1.000000 1.000000
119072 119723 7.000000 1.000000 1.000000
119399 119722 7.000000 1.000000 1.000000


