NHC A13 URIPWMIN  2023 09 01 12 00 95N 0135W 270 1011 1011 1014 0000 10 000 -999 -999 -999 -999 D -999 -999 -999 -999
NHC A13 URIPWMIN  2023 09 01 18 00 95N 0148W 270 1011 1011 1014 0000 10 000 -999 -999 -999 -999 D -999 -999 -999 -999
NHC A13 URIPWMIN  2023 09 02 00 00 95N 0163W 270 1011 1011 1014 0000 10 000 -999 -999 -999 -999 D -999 -999 -999 -999
NHC A13 URIPWMIN  2023 09 02 06 00 95N 0178W 270 1011 1011 1014 0000 10 000 -999 -999 -999 -999 D -999 -999 -999 -999
NHC A13 URIPWMIN  2023 09 02 12 00 95N 0191W 275 1010 1010 1012 0406 13 020 -999 -999 -999 -999 D -999 -999 -999 -999
NHC A13 URIPWMIN  2023 09 02 18 00 100N 0208W 276 1010 1010 1012 0414 15 021 -999 -999 -999 -999 D -999 -999 -999 -999
NHC A13 URIPWMIN  2023 09 03 00 00 103N 0233W 275 1010 1010 1012 0419 13 021 -999 -999 -999 -999 D -999 -999 -999 -999
NHC A13 URIPWMIN  2023 09 03 06 00 104N 0254W 275 1010 1010 1012 0421 13 021 -999 -999 -999 -999 D -999 -999 -999 -999
NHC A13 URIPWMIN  2023 09 03 12 00 105N 0270W 275 1010 1010 1012 0422 15 021 -999 -999 -999 -999 D -999 -999 -999 -999
NHC A13 URIPWMIN  2023 09 03 18 00 105N 0283W 276 1010 1010 1012 0422 15 021 -999 -999 -999 -999 D -999 -999 -999 -999
NHC A13 URIPWMIN  2023 09 04 00 00 108N 0296W 276 1010 1010 1012 0428 15 021 -999 -999 -999 -999 D -999 -999 -999 -999
NHC A13 URIPWMIN  2023 09 04 06 00 110N 0315W 277 1010 1010 1012 0431 15 022 -999 -999 -999 -999 D -999 -999 -999 -999
NHC A13 URIPWMIN  2023 09 04 12 00 112N 0332W 277 1011 1011 1012 0434 13 022 -999 -999 -999 -999 D -999 -999 -999 -999
NHC A13 URIPWMIN  2023 09 04 18 00 112N 0349W 276 1011 1011 1012 0434 13 022 -999 -999 -999 -999 D -999 -999 -999 -999
NHC A13 URIPWMIN  2023 09 05 00 00 112N 0362W 277 1011 1011 1014 0434 13 022 -999 -999 -999 -999 D -999 -999 -999 -999
NHC A13 URIPWMIN  2023 09 05 06 00 115N 0375W 278 1009 1009 1012 0439 13 022 -999 -999 -999 -999 D -999 -999 -999 -999
NHC A13 URIPWMIN  2023 09 05 12 00 122N 0396W 280 1008 1008 1012 0452 15 023 -999 -999 -999 -999 D 0111 -999 0111 -999
NHC A13 URIPWMIN  2023 09 05 18 00 129N 0411W 280 1006 1006 1012 0464 18 023 0111 -999 0111 -999 D 0111 0037 0111 -999
NHC A13 URIPWMIN  2023 09 06 00 00 133N 0424W 281 1003 1003 1012 0470 23 024 0111 0037 0111 -999 D 0130 0093 0111 0056
NHC A13 URIPWMIN  2023 09 06 06 00 136N 0438W 281 0997 0997 1012 0472 28 024 0130 0093 0111 0056 D 0130 0111 0130 0074
NHC A13 URIPWMIN  2023 09 06 12 00 139N 0449W 283 0994 0994 1012 0475 31 024 0130 0111 0130 0074 D 0148 0130 0130 0093
NHC A13 URIPWMIN  2023 09 06 18 00 147N 0461W 283 0991 0991 1011 0489 33 024 0148 0130 0130 0093 D 0148 0130 0130 0093
NHC A13 URIPWMIN  2023 09 07 00 00 152N 0471W 284 0989 0989 1013 0494 36 025 0148 0130 0130 0093 D 0148 0130 0130 0093
NHC A13 URIPWMIN  2023 09 07 06 00 157N 0481W 284 0989 0989 1013 0504 36 025 0148 0130 0130 0093 D 0204 0204 0148 0130
NHC A13 URIPWMIN  2023 09 07 12 00 161N 0494W 285 0980 0980 1013 0499 44 025 0204 0204 0148 0130 D 0222 0204 0148 0130
NHC A13 URIPWMIN  2023 09 07 18 00 166N 0507W 286 0961 0961 1011 0473 54 024 0222 0204 0148 0130 D 0222 0204 0148 0093
NHC A13 URIPWMIN  2023 09 08 00 00 170N 0518W 286 0933 0933 1011 0401 69 020 0222 0204 0148 0093 D 0222 0204 0148 0093
NHC A13 URIPWMIN  2023 09 08 06 00 175N 0530W 287 0926 0926 1010 0389 75 019 0222 0204 0148 0093 D 0222 0204 0148 0111
NHC A13 URIPWMIN  2023 09 08 12 00 179N 0541W 287 0940 0940 1010 0441 69 022 0222 0204 0148 0111 D 0241 0222 0167 0111
NHC A13 URIPWMIN  2023 09 08 18 00 185N 0550W 288 0941 0941 1010 0455 64 023 0241 0222 0167 0111 D 0278 0222 0185 0130
NHC A13 URIPWMIN  2023 09 09 00 00 190N 0560W 288 0958 0958 1011 0512 54 026 0278 0222 0185 0130 D 0278 0222 0185 0130
NHC A13 URIPWMIN  2023 09 09 06 00 194N 0570W 289 0963 0963 1011 0534 51 027 0278 0222 0185 0130 D 0278 0222 0185 0130
NHC A13 URIPWMIN  2023 09 09 12 00 200N 0579W 290 0954 0954 1011 0521 51 026 0278 0222 0185 0130 D 0296 0296 0204 0148
NHC A13 URIPWMIN  2023 09 09 18 00 205N 0588W 290 0958 0958 1011 0544 51 027 0296 0296 0204 0148 D 0296 0296 0204 0148
NHC A13 URIPWMIN  2023 09 10 00 00 208N 0595W 290 0960 0960 1011 0556 49 028 0296 0296 0204 0148 D 0259 0241 0204 0148
NHC A13 URIPWMIN  2023 09 10 06 00 212N 0602W 291 0960 0960 1011 0565 46 028 0259 0241 0204 0148 D 0259 0241 0204 0148
NHC A13 URIPWMIN  2023 09 10 12 00 215N 0608W 291 0956 0956 1012 0556 49 028 0259 0241 0204 0148 D 0278 0259 0259 0185
NHC A13 URIPWMIN  2023 09 10 18 00 219N 0614W 292 0954 0954 1011 0562 54 028 0278 0259 0259 0185 D 0278 0259 0259 0185
NHC A13 URIPWMIN  2023 09 11 00 00 223N 0619W 292 0952 0952 1011 0564 54 028 0278 0259 0259 0185 D 0296 0278 0278 0204
NHC A13 URIPWMIN  2023 09 11 06 00 228N 0625W 293 0950 0950 1010 0572 54 029 0296 0278 0278 0204 D 0296 0278 0278 0204
NHC A13 URIPWMIN  2023 09 11 12 00 233N 0632W 293 0948 0948 1010 0576 54 029 0296 0278 0278 0204 D 0296 0278 0278 0204
NHC A13 URIPWMIN  2023 09 11 18 00 235N 0639W 293 0948 0948 1010 0581 51 029 0296 0278 0278 0204 D 0296 0278 0278 0222
NHC A13 URIPWMIN  2023 09 12 00 00 238N 0645W 293 0948 0948 1010 0588 51 029 0296 0278 0278 0222 D 0296 0278 0278 0222
NHC A13 URIPWMIN  2023 09 12 06 00 239N 0651W 293 0948 0948 1010 0590 51 029 0296 0278 0278 0222 D 0333 0315 0296 0259
NHC A13 URIPWMIN  2023 09 12 12 00 241N 0657W 294 0950 0950 1010 0602 51 030 0333 0315 0296 0259 D 0389 0370 0315 0278
NHC A13 URIPWMIN  2023 09 12 18 00 245N 0662W 294 0949 0949 1010 0608 51 030 0389 0370 0315 0278 D 0389 0370 0315 0278
NHC A13 URIPWMIN  2023 09 13 00 00 249N 0665W 295 0946 0946 1010 0606 51 030 0389 0370 0315 0278 D 0389 0389 0315 0296
NHC A13 URIPWMIN  2023 09 13 06 00 253N 0669W 295 0948 0948 1009 0627 51 031 0389 0389 0315 0296 D 0389 0389 0315 0296
NHC A13 URIPWMIN  2023 09 13 12 00 260N 0671W 296 0948 0948 1008 0649 51 032 0389 0389 0315 0296 D 0426 0426 0333 0315
NHC A13 URIPWMIN  2023 09 13 18 00 269N 0675W 297 0952 0952 1008 0688 46 034 0426 0426 0333 0315 D 0426 0426 0333 0315
NHC A13 URIPWMIN  2023 09 14 00 00 276N 0677W 298 0951 0951 1008 0704 46 035 0426 0426 0333 0315 D 0463 0463 0352 0315
NHC A13 URIPWMIN  2023 09 14 06 00 285N 0680W 299 0961 0961 1014 0000 44 000 0463 0463 0352 0315 D 0463 0463 0352 0315
NHC A13 URIPWMIN  2023 09 14 09 00 291N 0681W 301 0953 0953 1014 0000 44 000 0463 0463 0352 0315 D 0463 0463 0352 0315
NHC A13 URIPWMIN  2023 09 14 18 00 307N 0682W 304 0956 0956 1014 0000 41 000 0463 0463 0352 0315 D 0463 0463 0407 0333
NHC A13 URIPWMIN  2023 09 15 06 00 333N 0677W 308 0956 0956 1014 0000 41 000 0463 0463 0407 0333 D 0482 0463 0444 0389
NHC A13 URIPWMIN  2023 09 15 18 00 363N 0669W 312 0959 0959 1014 0000 39 000 0482 0463 0444 0389 D 0500 0463 0426 0389
NHC A13 URIPWMIN  2023 09 16 06 00 395N 0666W 315 0962 0962 1014 0000 36 000 0500 0463 0426 0389 D 0444 0426 0370 0333
NHC A13 URIPWMIN  2023 09 16 18 00 425N 0667W 319 0969 0969 1014 0000 31 000 0444 0426 0370 0333 D 0296 0370 0204 0222
NHC A13 URIPWMIN  2023 09 17 06 00 452N 0654W 327 0975 0975 1014 0000 26 000 0296 0370 0204 0222 D -999 -999 -999 -999
NHC A13 URIPWMIN  2023 09 18 06 00 502N 0581W 337 0982 0982 1014 0000 21 000 -999 -999 -999 -999 D -999 -999 -999 -999
NHC A13 URIPWMIN  2023 09 19 06 00 546N 0458W 337 0982 0982 1014 0000 21 000 -999 -999 -999 -999 D -999 -999 -999 -999
